AL.dimacs 67 7 679406 686233 2.81 2.83 15519.54 15519.54
AR.dimacs 75 4 725335 732624 0.87 0.90 16525.07 16525.07
CO.dimacs 64 7 714865 722048 1.18 1.20 35466.64 35466.64
IA.dimacs 99 4 757781 765396 1.61 1.66 17748.05 17748.05
ID.dimacs 44 2 779873 787709 0.09 0.10 61232.58 61232.58
KS.dimacs 105 4 709714 716845 3.12 3.17 23736.89 23736.89
LA.dimacs 64 6 751785 759339 3.70 3.72 17239.16 17239.16
ME.dimacs 16 2 660860 667501 0.02 0.02 10789.07 10789.07
MS.dimacs 82 4 738116 745533 0.39 0.42 16142.04 16142.04
NE.dimacs 93 3 605737 611824 0.90 0.94 22112.00 22112.00
NH.dimacs 10 2 654944 661526 0.01 0.02 3641.24 3641.24
NM.dimacs 33 3 682962 689824 0.09 0.10 32847.05 32847.05
OK.dimacs 77 5 746519 754021 1.47 1.50 21527.57 21527.57
OR.dimacs 36 5 762384 770045 0.36 0.37 31424.49 31424.49
SC.dimacs 46 7 657463 664070 13.07 13.08 12479.94 12479.94
WV.dimacs 55 3 614577 620753 3.60 3.62 11844.76 11844.76
